Lon   Lat     Z
32.6  -13.6   41
27.1  -16.9   43
32.7  -10.2   46
24.2  -13.6   33
28.5  -14.4   43
28.1  -12.6   33
27.9  -15.8   46
24.8  -14.8   44
31.1  -10.2   35
25.9  -13.5   24
29.1   -9.8   10
25.8  -17.8   39
33.2  -12.3   44
28.3  -15.4   46
27.6  -16.1   47
28.9  -11.1   31
31.3   -8.9   39
31.9  -13.3   45
23.1  -15.3   31
31.4  -11.9   39
27.1  -15.0   42
24.4  -11.8   15
28.6  -13.0   39
31.3  -14.3   44
23.3  -16.1   39
30.2  -13.2   38
24.3  -17.5   32
26.4  -12.2   23
23.1  -13.5   27